{
 "cells": [
  {
   "cell_type": "code",
   "execution_count": 1,
   "metadata": {},
   "outputs": [
    {
     "name": "stdout",
     "output_type": "stream",
     "text": [
      "importing Jupyter notebook from Zad0_Kmeans.ipynb\n",
      "importing Jupyter notebook from poprawnoscGrupowania.ipynb\n"
     ]
    }
   ],
   "source": [
    "import import_ipynb\n",
    "import Zad0_Kmeans as km\n",
    "import poprawnoscGrupowania as pg"
   ]
  },
  {
   "cell_type": "code",
   "execution_count": 2,
   "metadata": {},
   "outputs": [],
   "source": [
    "#import poprawnoscGrupowania_py as pg"
   ]
  },
  {
   "cell_type": "code",
   "execution_count": 3,
   "metadata": {},
   "outputs": [],
   "source": [
    "import numpy as np"
   ]
  },
  {
   "cell_type": "code",
   "execution_count": 4,
   "metadata": {},
   "outputs": [],
   "source": [
    "import time"
   ]
  },
  {
   "cell_type": "markdown",
   "metadata": {},
   "source": [
    "# Zadanie 5, Lista 3"
   ]
  },
  {
   "cell_type": "code",
   "execution_count": 5,
   "metadata": {},
   "outputs": [],
   "source": [
    "N=990002\n",
    "T=1000"
   ]
  },
  {
   "cell_type": "markdown",
   "metadata": {},
   "source": [
    "### Preprocesing"
   ]
  },
  {
   "cell_type": "code",
   "execution_count": 6,
   "metadata": {},
   "outputs": [],
   "source": [
    "#MaxNR=41270"
   ]
  },
  {
   "cell_type": "code",
   "execution_count": 7,
   "metadata": {},
   "outputs": [],
   "source": [
    "plik=open(\"Korsak/kosarak.dat\")"
   ]
  },
  {
   "cell_type": "code",
   "execution_count": 8,
   "metadata": {},
   "outputs": [],
   "source": [
    "MaxNr=0\n",
    "for linia in plik:\n",
    "    m=max([int(i) for i in linia.split(\" \")])\n",
    "    MaxNr=max(m,MaxNr)"
   ]
  },
  {
   "cell_type": "code",
   "execution_count": 9,
   "metadata": {},
   "outputs": [],
   "source": [
    "plik.close()"
   ]
  },
  {
   "cell_type": "markdown",
   "metadata": {},
   "source": [
    "### Wyznacz najczęściej kupowane"
   ]
  },
  {
   "cell_type": "code",
   "execution_count": 10,
   "metadata": {},
   "outputs": [],
   "source": [
    "plik=open(\"Korsak/kosarak.dat\")"
   ]
  },
  {
   "cell_type": "code",
   "execution_count": 11,
   "metadata": {},
   "outputs": [],
   "source": [
    "czestoscKupowania=np.zeros(MaxNr)"
   ]
  },
  {
   "cell_type": "code",
   "execution_count": 12,
   "metadata": {},
   "outputs": [],
   "source": [
    "for linia in plik:\n",
    "    listaProduktow=[int(i)-1 for i in linia.split(\" \")]\n",
    "    czestoscKupowania[listaProduktow]+=1"
   ]
  },
  {
   "cell_type": "code",
   "execution_count": 13,
   "metadata": {},
   "outputs": [],
   "source": [
    "plik.close()"
   ]
  },
  {
   "cell_type": "code",
   "execution_count": 14,
   "metadata": {},
   "outputs": [],
   "source": [
    "# chcemy znaleść T najczęstszych więc pozycje [-T,MaxNr-1] muszą zawierać odpowiednie elementy\n",
    "Z=czestoscKupowania.argpartition(-T)[-T:];"
   ]
  },
  {
   "cell_type": "code",
   "execution_count": 15,
   "metadata": {},
   "outputs": [],
   "source": [
    "Zslownik={}"
   ]
  },
  {
   "cell_type": "code",
   "execution_count": 16,
   "metadata": {},
   "outputs": [],
   "source": [
    "for i in range(T):\n",
    "    Zslownik[Z[i]]=i"
   ]
  },
  {
   "cell_type": "markdown",
   "metadata": {},
   "source": [
    "### Stwórz reprezentacje produktów"
   ]
  },
  {
   "cell_type": "code",
   "execution_count": 22,
   "metadata": {},
   "outputs": [],
   "source": [
    "P=np.zeros((T,MaxNr))"
   ]
  },
  {
   "cell_type": "code",
   "execution_count": 23,
   "metadata": {},
   "outputs": [],
   "source": [
    "plik=open(\"Korsak/kosarak.dat\")"
   ]
  },
  {
   "cell_type": "code",
   "execution_count": 24,
   "metadata": {},
   "outputs": [
    {
     "name": "stdout",
     "output_type": "stream",
     "text": [
      "120.66589903831482\n"
     ]
    }
   ],
   "source": [
    "t=time.time()\n",
    "for linia in plik:\n",
    "    listaProduktow=[int(i)-1 for i in linia.split(\" \")]\n",
    "    for i in listaProduktow:\n",
    "        if i in Zslownik:\n",
    "                P[Zslownik[i],listaProduktow]+=1\n",
    "print(time.time()-t)"
   ]
  },
  {
   "cell_type": "code",
   "execution_count": 25,
   "metadata": {},
   "outputs": [],
   "source": [
    "plik.close()"
   ]
  },
  {
   "cell_type": "markdown",
   "metadata": {},
   "source": [
    "### Grupuj"
   ]
  },
  {
   "cell_type": "code",
   "execution_count": 26,
   "metadata": {},
   "outputs": [],
   "source": [
    "K=10"
   ]
  },
  {
   "cell_type": "code",
   "execution_count": 27,
   "metadata": {},
   "outputs": [],
   "source": [
    "(centra,przynaleznosc)=km.kMeans(P,K)"
   ]
  },
  {
   "cell_type": "code",
   "execution_count": 28,
   "metadata": {},
   "outputs": [
    {
     "data": {
      "text/plain": [
       "array([[1.83296296e+02, 4.93400000e+02, 7.04070946e+01, ...,\n",
       "        7.39203455e+00, 9.18000000e+02, 8.21496033e-01],\n",
       "       [1.72185185e+02, 6.04600000e+02, 2.02837838e+01, ...,\n",
       "        3.33205374e+00, 8.86666667e+02, 1.53437854e+00],\n",
       "       [1.67777778e+02, 4.43600000e+02, 5.13074324e+01, ...,\n",
       "        2.38723608e+01, 8.85333333e+02, 1.60200227e+00],\n",
       "       ...,\n",
       "       [4.79700000e+03, 7.71600000e+03, 1.69505068e+02, ...,\n",
       "        3.03344530e+01, 3.60826667e+04, 4.15961466e+00],\n",
       "       [1.25422593e+04, 4.48698000e+04, 1.00324324e+03, ...,\n",
       "        1.78892514e+02, 2.92165667e+05, 2.45430676e+01],\n",
       "       [8.99359259e+03, 6.02616000e+04, 1.17343581e+03, ...,\n",
       "        1.51947217e+02, 1.02885000e+05, 1.83350963e+01]])"
      ]
     },
     "execution_count": 28,
     "metadata": {},
     "output_type": "execute_result"
    }
   ],
   "source": [
    "centra"
   ]
  },
  {
   "cell_type": "code",
   "execution_count": 29,
   "metadata": {},
   "outputs": [
    {
     "data": {
      "text/plain": [
       "array([[0, 1, 0, ..., 0, 0, 0],\n",
       "       [1, 0, 0, ..., 0, 0, 0],\n",
       "       [0, 0, 0, ..., 0, 1, 0],\n",
       "       ...,\n",
       "       [0, 0, 0, ..., 0, 0, 0],\n",
       "       [0, 0, 0, ..., 0, 0, 0],\n",
       "       [0, 0, 0, ..., 0, 0, 0]], dtype=int8)"
      ]
     },
     "execution_count": 29,
     "metadata": {},
     "output_type": "execute_result"
    }
   ],
   "source": [
    "przynaleznosc.toarray()"
   ]
  },
  {
   "cell_type": "code",
   "execution_count": 31,
   "metadata": {},
   "outputs": [
    {
     "data": {
      "text/plain": [
       "array([[-4.76837158e-07,  1.41502348e+10,  1.32571572e+09,\n",
       "         1.70786424e+09,  8.37758910e+08,  1.68133417e+09,\n",
       "         1.55318003e+09,  1.64828904e+09,  3.17249624e+11,\n",
       "         1.70117607e+09],\n",
       "       [ 1.41502348e+10,  1.52587891e-05,  2.33887442e+10,\n",
       "         2.48874141e+10,  2.10660199e+10,  2.47882966e+10,\n",
       "         2.43043608e+10,  2.46720434e+10,  2.17669041e+11,\n",
       "         2.48625647e+10],\n",
       "       [ 1.32571572e+09,  2.33887442e+10,  7.45058060e-09,\n",
       "         3.29491594e+07,  8.18865634e+07,  2.94866893e+07,\n",
       "         1.25886384e+07,  2.46758436e+07,  3.56065720e+11,\n",
       "         3.20701451e+07],\n",
       "       [ 1.70786424e+09,  2.48874141e+10,  3.29491594e+07,\n",
       "        -2.84217094e-14,  2.17482287e+08,  1.22155372e+05,\n",
       "         4.95508110e+06,  7.24539010e+05,  3.60918088e+11,\n",
       "         7.43556464e+03],\n",
       "       [ 8.37758910e+08,  2.10660199e+10,  8.18865634e+07,\n",
       "         2.17482287e+08,  5.96046448e-08,  2.08417259e+08,\n",
       "         1.58024851e+08,  1.95522374e+08,  3.48000084e+11,\n",
       "         2.15211035e+08],\n",
       "       [ 1.68133417e+09,  2.47882966e+10,  2.94866893e+07,\n",
       "         1.22155372e+05,  2.08417259e+08, -5.82076609e-11,\n",
       "         3.68341809e+06,  3.14162103e+05,  3.60593180e+11,\n",
       "         6.95198497e+04],\n",
       "       [ 1.55318003e+09,  2.43043608e+10,  1.25886384e+07,\n",
       "         4.95508110e+06,  1.58024851e+08,  3.68341809e+06,\n",
       "         0.00000000e+00,  2.10132954e+06,  3.59067839e+11,\n",
       "         4.61802380e+06],\n",
       "       [ 1.64828904e+09,  2.46720434e+10,  2.46758436e+07,\n",
       "         7.24539010e+05,  1.95522374e+08,  3.14162103e+05,\n",
       "         2.10132954e+06, -2.32830644e-10,  3.60202810e+11,\n",
       "         6.00234478e+05],\n",
       "       [ 3.17249624e+11,  2.17669041e+11,  3.56065720e+11,\n",
       "         3.60918088e+11,  3.48000084e+11,  3.60593180e+11,\n",
       "         3.59067839e+11,  3.60202810e+11,  1.22070312e-04,\n",
       "         3.60834544e+11],\n",
       "       [ 1.70117607e+09,  2.48625647e+10,  3.20701451e+07,\n",
       "         7.43556464e+03,  2.15211035e+08,  6.95198497e+04,\n",
       "         4.61802380e+06,  6.00234478e+05,  3.60834544e+11,\n",
       "         0.00000000e+00]])"
      ]
     },
     "execution_count": 31,
     "metadata": {},
     "output_type": "execute_result"
    }
   ],
   "source": [
    "Miedzy=pg.obliczOdleglosciMiedzyGrupowe(centra,km.kwdOdlEuklidesa)\n",
    "Miedzy"
   ]
  },
  {
   "cell_type": "code",
   "execution_count": 30,
   "metadata": {
    "scrolled": false
   },
   "outputs": [
    {
     "data": {
      "text/plain": [
       "array([1.15800879e+09, 9.12376545e+09, 1.74737783e+07, 2.27733693e+02,\n",
       "       9.61911910e+07, 1.13522910e+05, 3.10325694e+06, 8.14558609e+05,\n",
       "       4.58194728e+10, 8.76343516e+03])"
      ]
     },
     "execution_count": 30,
     "metadata": {},
     "output_type": "execute_result"
    }
   ],
   "source": [
    "pg.obliczOdleglosciWewnatrzGrupowe(P,centra,przynaleznosc,km.kwdOdlEuklidesa)"
   ]
  },
  {
   "cell_type": "code",
   "execution_count": 33,
   "metadata": {
    "scrolled": true
   },
   "outputs": [
    {
     "name": "stdout",
     "output_type": "stream",
     "text": [
      "[[   27     5   592 29533   166  2294  1272  2084     3  5294]]\n"
     ]
    }
   ],
   "source": [
    "print(pg.policzIleWGrupie(przynaleznosc))"
   ]
  },
  {
   "cell_type": "code",
   "execution_count": null,
   "metadata": {},
   "outputs": [],
   "source": []
  },
  {
   "cell_type": "code",
   "execution_count": 34,
   "metadata": {},
   "outputs": [],
   "source": [
    "K=50"
   ]
  },
  {
   "cell_type": "code",
   "execution_count": 35,
   "metadata": {},
   "outputs": [],
   "source": [
    "(centraWiecej,przynaleznoscWiecej)=km.kMeans(P,K)"
   ]
  },
  {
   "cell_type": "code",
   "execution_count": 43,
   "metadata": {},
   "outputs": [
    {
     "name": "stdout",
     "output_type": "stream",
     "text": [
      "[1572  246  212 6349  487   53  152   16  648  334  419  406 2088 1562\n",
      "   17 1317 1066  257  221  263  174  133  818 5957    5 1004  461    3\n",
      "  348  234  276   71   75  402 1178  192  280   26 1597  187   33   30\n",
      " 2868  689  412   55  229 3781 1505  562]\n"
     ]
    }
   ],
   "source": [
    "print(np.squeeze(np.asarray(pg.policzIleWGrupie(przynaleznoscWiecej))))"
   ]
  },
  {
   "cell_type": "code",
   "execution_count": 44,
   "metadata": {},
   "outputs": [
    {
     "data": {
      "text/plain": [
       "array([4.81530911e+02, 2.93376645e+05, 2.19905494e+05, 1.07706915e+01,\n",
       "       1.58323475e+04, 8.86399728e+07, 3.37398924e+07, 3.70820392e+08,\n",
       "       3.52036502e+03, 1.68297022e+05, 2.54594710e+05, 1.68967519e+01,\n",
       "       1.50928727e+02, 3.63733317e+01, 1.40429782e+09, 1.12535095e+02,\n",
       "       5.97133075e+02, 7.08171735e+04, 6.33429569e+03, 1.88638377e+05,\n",
       "       5.25178906e+06, 1.08773948e+04, 2.18551645e+04, 3.68734399e+00,\n",
       "       9.12376545e+09, 1.24933747e+03, 1.07397066e+05, 4.58194728e+10,\n",
       "       2.64913272e+04, 7.58363821e+04, 8.87885775e+06, 2.29157682e+07,\n",
       "       7.06811443e+06, 1.06963743e+05, 5.30695279e+03, 8.69113083e+03,\n",
       "       6.13449732e+03, 1.10230100e+08, 1.39432750e+03, 5.29555096e+05,\n",
       "       2.98277435e+07, 8.59540133e+05, 5.25396371e+01, 3.81900417e+02,\n",
       "       3.01651949e+06, 8.28902625e+04, 6.40203278e+05, 1.94162828e+01,\n",
       "       1.68480053e+02, 8.18183284e+05])"
      ]
     },
     "execution_count": 44,
     "metadata": {},
     "output_type": "execute_result"
    }
   ],
   "source": [
    "pg.obliczOdleglosciWewnatrzGrupowe(P,centraWiecej,przynaleznoscWiecej,km.kwdOdlEuklidesa)"
   ]
  },
  {
   "cell_type": "code",
   "execution_count": null,
   "metadata": {},
   "outputs": [],
   "source": []
  }
 ],
 "metadata": {
  "kernelspec": {
   "display_name": "Python 3",
   "language": "python",
   "name": "python3"
  },
  "language_info": {
   "codemirror_mode": {
    "name": "ipython",
    "version": 3
   },
   "file_extension": ".py",
   "mimetype": "text/x-python",
   "name": "python",
   "nbconvert_exporter": "python",
   "pygments_lexer": "ipython3",
   "version": "3.5.2"
  }
 },
 "nbformat": 4,
 "nbformat_minor": 2
}
